"State"=dword:00000001
"Version"=dword:00000002
"DefaultUid"=dword:000003e8
"KernelCommandLine"="BOOT_IMAGE=/kernel init=/init"
"DefaultEnvironment"=hex(7):48,00,4f,00,53,00,54,00,54,00,59,00,50,00,45,00,3d,\
  00,78,00,38,00,36,00,5f,00,36,00,34,00,00,00,4c,00,41,00,4e,00,47,00,3d,00,\
  65,00,6e,00,5f,00,55,00,53,00,2e,00,55,00,54,00,46,00,2d,00,38,00,00,00,50,\
  00,41,00,54,00,48,00,3d,00,2f,00,75,00,73,00,72,00,2f,00,6c,00,6f,00,63,00,\
  61,00,6c,00,2f,00,73,00,62,00,69,00,6e,00,3a,00,2f,00,75,00,73,00,72,00,2f,\
  00,6c,00,6f,00,63,00,61,00,6c,00,2f,00,62,00,69,00,6e,00,3a,00,2f,00,75,00,\
  73,00,72,00,2f,00,73,00,62,00,69,00,6e,00,3a,00,2f,00,75,00,73,00,72,00,2f,\
  00,62,00,69,00,6e,00,3a,00,2f,00,73,00,62,00,69,00,6e,00,3a,00,2f,00,62,00,\
  69,00,6e,00,3a,00,2f,00,75,00,73,00,72,00,2f,00,67,00,61,00,6d,00,65,00,73,\
  00,3a,00,2f,00,75,00,73,00,72,00,2f,00,6c,00,6f,00,63,00,61,00,6c,00,2f,00,\
  67,00,61,00,6d,00,65,00,73,00,00,00,54,00,45,00,52,00,4d,00,3d,00,78,00,74,\
  00,65,00,72,00,6d,00,2d,00,32,00,35,00,36,00,63,00,6f,00,6c,00,6f,00,72,00,\
  00,00,00,00

"Flags"=dword:00000007
; -- Flags: 0x07 means WSL1, 0x0f means WSL2
"BasePath"="D:\\WSL-Ubuntu-22.04\to-be-modified-by-bat"
"DistributionName"="DistributionName-to-be-modified-by-bat"

; Override Flags, BasePath and DistributionName below:

